Number of vertices: 11
Start vertex:       4    

0    0    0   10    0   94    0    0   73    0    0
0    0    0   13    0    0    0    0    2    0    0
0    0    0    0    0   43    0    0    0    0    0
0    0    0    0    0    0    0    0    0    0    0
0    0    0   87    0    0    0    0    0   68    0
0    0    0    0    0    0    0    0    0    0    0
0   97    0    0    0    0    0    0    0    0    0
0    0    0    0    0   91    0    0    0    0    0
0    0    0    0    0    0    0    0    0    0    0
0   17    0    0    0    0    0    0    0    0    0
0    0    0    0    0    0   55    0    0    0    0