Number of vertices: 24

Start vertex:       16

  
  
0    0    0    0    0    5    0   99    0    0    0    0    0    0    0   81    0    0    0    0    0    0    0    0
    
0    0    0    0    0   18   89    1    0    0    0    0   12   47   23    0    0    0    0   84    0    0   14    0
   
79   0    0    0    0    0    0    0    0    0    0    0    0    0   68    0    0    0    0    0    0    0    0   96
    
0    0    0    0   59    0    0    0    0    0    0    0    0    0    0    0    0   68    0    0    0    0    0    0
    
0    0   57   96    0    0   96    0    0    0   35    0    0    0    0   74    0    0    0    0   44   51    0    0
    
0    0    0    0    0    0    0    0    0    0    0    0    0    0    0    0    0    0    0   15    0    0    0   76
    
0    0    0    0    0    0    0    0    0    0    0    0    0    0    0    0    0    0    0   19    0   63    0    0
    
0   37    0    0    0    0    0    0   79    0   19    0    0    0    0   14    0    0    0    0    0    0    0    0
    
0    0    0    0    0    0    0    0    0    0    0    0    0   64    0    0    0    0   64    0    0    0    0    0
    
0    0    0    0   74    0   10   27    0    0    0   41    0   54    0   68    0    3    0    0    0    0    0    0
   
82   0    0    0    0   16    0   42    0    0    0    0    0    0    0   36    0    0    0    0    0    0    0    0
    
0    0    0    0    0    0    0    0    0    0    0    0   28    0    0    0    0    0    0    0    0    0    0    6
    
3    0   64    0    0    0    0    0    0    0   60    0    0    0    0   68    0    0    0    0    0   46    0    0
    
0    0    0    0    0   73    0    0    0    0    0    0    0    0    0    0    0    0    0    0    0   26   39    0
    
0   32    0    0    0    0    0    0    0    0    0    0    0    0    0    0    0    0    0    0    0    0   54    0
    
0    0    0    0    0    0   73    0    0    0   18   33    0    0    1    0    0    0    0   86    0    0    6    0
    
0   61    0    0    0    0    0    0    0    0    0    0    0    0    0    0    0    0    0    0    0    0    0    0
    
0   33    0    0    0    0    0   77    0    0    0    0   48   82    0    0   68    0    0    0    0    0    0    0
    
0    0    0    0   22    0    0    0    0    0    0    0    0    0    0    0    0    0    0    0    0    0    0    0
    
0    0    0    0    0    0    0    0    0   70    0    0    0    0    0    0    0    0    0    0    0    0    0    0
    
0    0    0    0    0   16    0    0    0    0    0    0    0    0    0    0    0    0   73    0    0    0    0   65
    
0    0   51    0    0    0    0    0   64    0    0    0   81    0    0   69    0   16    0    0    0    0    0    0
   
99   0    0    0    0   88   99    0    0    0    0   60   76    0    0    0    0    0    0    0    0    0    0    0
    
0    2    0    0    0    0    0    0    0    0    0    0    0    0    0    0    0    0    0    0    0    0   20    0
