Node  | Out-neighbors

----------------------------------------------------------------------
    
0       8: 57   21: 91
    
1      16:  7   18: 86   21: 45
    
2  
    
3      12: 59   14:  9   20: 94
    
4      14: 82
    
5       0: 78    3: 22    4: 20    8: 14   21: 68
    
6      18: 18   20: 67
    
7       2: 35   20: 56
    
8       6: 34   11: 45   14: 54   18: 11   21: 24
    
9      12: 99   13: 77   17: 30
   
10      8:  9   21: 96
   
11      8: 39
   
12      0: 32   4: 14    8: 25   10: 98    13: 26
   
13     14: 35   21: 67
   
14     10: 19
   
15      0: 29    3: 57   12: 68   14: 19   21: 72
   
16      4: 77    5: 22   11: 68   18: 26   19: 44
   
17      0: 58    6: 92   12: 71   16: 45   18: 68   19: 28
   
18      7: 56
   
19      0: 41    4: 40   13: 55   14: 62
   
20      9: 63
   
21     19: 98




Start vertex is: 5

       

Total
Dest | Weight | Path

----------------------------------------------------------------------
   
0            78        0
   
1            inf  
   
2            116       8  18   7   2
   
3            22        3
   
4            20        4
   
5             0  
   
6            48        8   6
   
7            81        8  18   7
   
8            14        8
   
9           178        8   6  20   9
  
10           50        3  14  10
  
11           59        8  11
  
12           81        3  12
  
13           107       3  12  13
  
14           31        3  14
  
15           inf  
  
16           253       8   6  20   9  17  16
  
17           208       8   6  20   9  17
  
18           25        8  18
  
19           136       8  21  19
 
20           115       8   6  20
  
21           38        8  21
