Number of vertices: 14

Start vertex:       11

    

0    0    0    0    0    0    0    0    0    0    0   92    0    0
    
8    0    0    0    0    0   79   76    0    0    0    0   71    0
    
0    0    0    0    0    0   53    0    0   70    0    0    0   83
    
0   42    0    0    0    0    0    0    0    0    0    0    0    0
    
0    0    0   26    0   98    0    0    0    0    0    0    0    0
   
14   0   77    0    0    0    0    0    0    0   30    0    0    0
    
0    0   14    0    0    0    0    0    0    0    0    0    0    0
    
0    0    0    0    0    0    0    0    0    0    0    0    0    0
    
0    0    0    0    0    0   13    0    0    0   27    0    0    0
    
0    0    0    0    0    0    0   98    0    0   31    0    0    0
    
0    0    0    0    0    0    0    0   64    0    0    0    0    0
    
0    0   28    0   91    0   11   88    0    0    0    0    0    0
    
0    0    0    0    0    0    0    0    0    0    0    0    0   94
    
0    0   51    0   97    0    0    0   46    0   10    0    0    0
