Number of vertices: 22

Start vertex:       5

    

0    0    0    0    0    0    0    0   57    0    0    0    0    0    0    0    0    0    0    0    0   91
    
0    0    0    0    0    0    0    0    0    0    0    0    0    0    0    0    7    0   86    0    0   45
    
0    0    0    0    0    0    0    0    0    0    0    0    0    0    0    0    0    0    0    0    0    0
    
0    0    0    0    0    0    0    0    0    0    0    0   59    0    9    0    0    0    0    0   94    0
    
0    0    0    0    0    0    0    0    0    0    0    0    0    0   82    0    0    0    0    0    0    0
   
78   0    0   22   20    0    0    0   14    0    0    0    0    0    0    0    0    0    0    0    0   68
    
0    0    0    0    0    0    0    0    0    0    0    0    0    0    0    0    0    0   18    0   67    0
    
0    0   35    0    0    0    0    0    0    0    0    0    0    0    0    0    0    0    0    0   56    0
    
0    0    0    0    0    0   34    0    0    0    0   45    0    0   54    0    0    0   11    0    0   24
    
0    0    0    0    0    0    0    0    0    0    0    0   99   77    0    0    0   30    0    0    0    0
    
0    0    0    0    0    0    0    0    9    0    0    0    0    0    0    0    0    0    0    0    0   96
    
0    0    0    0    0    0    0    0   39    0    0    0    0    0    0    0    0    0    0    0    0    0
   
32   0    0    0   14    0    0    0   25    0   98    0    0   26    0    0    0    0    0    0    0    0
    
0    0    0    0    0    0    0    0    0    0    0    0    0    0   35    0    0    0    0    0    0   67
    
0    0    0    0    0    0    0    0    0    0   19    0    0    0    0    0    0    0    0    0    0    0
   
29   0    0   57    0    0    0    0    0    0    0    0   68    0   19    0    0    0    0    0    0   72
    
0    0    0    0   77   22    0    0    0    0    0   68    0    0    0    0    0    0   26   44    0    0
   
58   0    0    0    0    0   92    0    0    0    0    0   71    0    0    0   45    0   68   28    0    0
    
0    0    0    0    0    0    0   56    0    0    0    0    0    0    0    0    0    0    0    0    0    0
   
41   0    0    0   40    0    0    0    0    0    0    0    0   55   62    0    0    0    0    0    0    0
    
0    0    0    0    0    0    0    0    0   63    0    0    0    0    0    0    0    0    0    0    0    0
    
0    0    0    0    0    0    0    0    0    0    0    0    0    0    0    0    0    0    0   98    0    0
