Node  | Out-neighbors

----------------------------------------------------------------------
    
0      5:  5    7: 99   15: 81
    
1      5: 18    6: 89    7:  1   12: 12   13: 47   14: 23   19: 84   22: 14
    
2      0: 79   14: 68   23: 96
    
3      4: 59   17: 68
    
4      2: 57    3: 96    6: 96   10: 35   15: 74   20: 44   21: 51
    
5     19: 15   23: 76
    
6     19: 19   21: 63
    
7      1: 37    8: 79   10: 19   15: 14
    
8     13: 64   18: 64
    
9      4: 74    6: 10    7: 27   11: 41   13: 54   15: 68   17:  3
   
10      0: 82    5: 16    7: 42   15: 36
   
11     12: 28   23:  6
   
12      0:  3    2: 64   10: 60   15: 68   21: 46
   
13      5: 73   21: 26   22: 39
   
14      1: 32   22: 54
   
15      6: 73   10: 18   11: 33   14:  1   19: 86   22:  6
   
16      1: 61
   
17      1: 33    7: 77   12: 48   13: 82   16: 68
 18      4: 22
   
19      9: 70
   
20      5: 16   18: 73   23: 65
   
21      2: 51    8: 64   12: 81   15: 69   17: 16
   
22      0: 99    5: 88    6: 99   11: 60   12: 76
   
23      1:  2   22: 20




Start vertex is: 16

       
Total
Dest | Weight | Path

----------------------------------------------------------------------
   
0            76     1  12   0
   
1            61     1
   
2           137     1  12   2
   
3           323     1   7   8  18   4   3
   
4           227     1   7   8  18   4
   
5            79     1   5
   
6           149     1   7  15   6
   
7            62     1   7
   
8           141     1   7   8
   
9           164     1   5  19   9
  
10           81     1   7  10
  
11          109     1   7  15  11
  
12           73     1  12
  
13          108     1  13
  
14           77     1   7  15  14
  
15           76     1   7  15
  
16            0  
  
17          135     1  12  21  17
  
18          205     1   7   8  18
  
19           94     1   5  19
  
20          271     1   7   8  18   4  20
  
21          119     1  12  21
  
22           75     1  22
  
23          115     1   7  15  11  23
