Node  | Out-neighbors

----------------------------------------------------------------------
    
0        11: 92
    
1         0:  8    6: 79    7: 76   12: 71
    
2         6: 53    9: 70   13: 83
    
3         1: 42
    
4         3: 26    5: 98
    
5         0: 14    2: 77   10: 30
    
6         2: 14
    
7  
    
8         6: 13   10: 27
    
9         7: 98   10: 31
   
10        8: 64
   
11        2: 28    4: 91    6: 11    7: 88
   
12       13: 94
   
13        2: 51    4: 97    8: 46   10: 10




Start vertex is: 11

       

Total
Dest | Weight | Path

----------------------------------------------------------------------
   
0           167     4   3   1   0
   
1           159     4   3   1
   
2            25     6   2
   
3           117     4   3
   
4            91     4
   
5           189     4   5
   
6            11     6
   
7            88     7
   
8           154     6   2  13   8
   
9            95     6   2   9
  
10          118     6   2  13  10
  
11            0  
  
12          230     4   3   1  12
  
13          108     6   2  13
